179.000 -2.000 0.000 0.000 0.000 0.000 40.0 0.000 2 0 0 Travel
179.000 -2.000 3.000 0.000 0.000 0.000 12.0 0.000 3 0 0 Travel
170.000 -2.000 3.000 0.000 0.000 0.000 16.7 0.000 4 0 0 Travel
170.000 -2.000 0.200 0.000 0.000 0.000 12.0 0.000 5 0 0 Travel
110.000 -2.000 0.200 0.000 0.000 0.000 15.0 1.995 6 0 0 Print_N/A
40.000 -2.000 0.200 0.000 0.000 0.000 11.7 0.338 7 0 0 Print_N/A
40.000 -2.000 0.200 0.000 0.000 0.000 40.0 0.000 8 1 0 Retract
40.000 -2.000 0.400 0.000 0.000 0.000 150.0 0.000 9 1 0 Travel
51.015 67.573 0.400 0.000 0.000 0.000 150.0 0.000 10 1 0 Travel
51.015 67.573 0.200 0.000 0.000 0.000 150.0 0.000 11 1 0 Travel
51.015 67.573 0.200 0.000 0.000 0.000 25.0 0.000 12 1 0 Unretract
51.743 66.581 0.200 0.000 0.000 0.000 20.0 0.000 13 1 0 Travel
52.672 65.811 0.200 0.000 0.000 0.000 20.0 0.000 14 1 0 Travel
87.665 45.606 0.200 0.000 0.000 0.000 20.0 0.600 15 1 0 Print_Skirt_Brim
88.818 45.166 0.200 0.000 0.000 0.000 20.0 0.000 16 1 0 Travel
90.006 45.023 0.200 0.000 0.000 0.000 20.0 0.000 17 1 0 Travel
91.238 45.180 0.200 0.000 0.000 0.000 20.0 0.020 18 1 0 Print_Skirt_Brim
91.907 45.403 0.200 0.000 0.000 0.000 20.0 0.000 19 1 0 Travel
92.547 45.725 0.200 0.000 0.000 0.000 20.0 0.000 20 1 0 Print_Skirt_Brim
127.275 65.779 0.200 0.000 0.000 0.000 20.0 0.620 21 1 0 Print_Skirt_Brim
128.226 66.548 0.200 0.000 0.000 0.000 20.0 0.000 22 1 0 Travel
128.921 67.461 0.200 0.000 0.000 0.000 20.0 0.000 23 1 0 Travel
129.415 68.592 0.200 0.000 0.000 0.000 20.0 0.040 24 1 0 Print_Skirt_Brim
129.614 69.825 0.200 0.000 0.000 0.000 20.0 0.000 25 1 0 Print_Skirt_Brim
129.617 109.932 0.200 0.000 0.000 0.000 20.0 0.600 26 1 0 Print_Skirt_Brim
129.488 111.125 0.200 0.000 0.000 0.000 20.0 0.000 27 1 0 Travel
128.985 112.427 0.200 0.000 0.000 0.000 20.0 0.080 28 1 0 Print_Skirt_Brim
128.257 113.419 0.200 0.000 0.000 0.000 20.0 0.000 29 1 0 Travel
127.328 114.189 0.200 0.000 0.000 0.000 20.0 0.000 30 1 0 Travel
92.335 134.394 0.200 0.000 0.000 0.000 20.0 0.600 31 1 0 Print_Skirt_Brim
91.182 134.834 0.200 0.000 0.000 0.000 20.0 0.000 32 1 0 Travel
89.998 134.977 0.200 0.000 0.000 0.000 20.0 0.000 33 1 0 Travel
88.762 134.820 0.200 0.000 0.000 0.000 20.0 0.020 34 1 0 Print_Skirt_Brim
88.093 134.597 0.200 0.000 0.000 0.000 20.0 0.000 35 1 0 Travel
87.453 134.275 0.200 0.000 0.000 0.000 20.0 0.000 36 1 0 Print_Skirt_Brim
52.725 114.221 0.200 0.000 0.000 0.000 20.0 0.620 37 1 0 Print_Skirt_Brim
51.774 113.452 0.200 0.000 0.000 0.000 20.0 0.000 38 1 0 Travel
51.079 112.539 0.200 0.000 0.000 0.000 20.0 0.000 39 1 0 Travel
50.585 111.408 0.200 0.000 0.000 0.000 20.0 0.040 40 1 0 Print_Skirt_Brim
50.386 110.175 0.200 0.000 0.000 0.000 20.0 0.000 41 1 0 Print_Skirt_Brim
50.383 70.068 0.200 0.000 0.000 0.000 20.0 0.600 42 1 0 Print_Skirt_Brim
50.512 68.875 0.200 0.000 0.000 0.000 20.0 0.000 43 1 0 Travel
50.993 67.629 0.200 0.000 0.000 0.000 20.0 0.060 44 1 0 Print_Skirt_Brim
50.993 67.629 0.200 0.000 0.000 0.000 40.0 0.000 45 1 0 Retract
51.743 66.581 0.200 0.000 0.000 0.000 120.0 170.520 46 1 0 Print_Skirt_Brim
52.672 65.811 0.200 0.000 0.000 0.000 120.0 2.520 47 1 0 Print_Skirt_Brim
53.005 65.619 0.200 0.000 0.000 0.000 120.0 81.360 48 1 0 Print_Skirt_Brim
53.005 65.619 0.200 0.000 0.000 0.000 40.0 0.000 49 1 0 Unretract
53.005 65.619 0.400 0.000 0.000 0.000 150.0 0.000 50 1 0 Travel
91.036 83.945 0.400 0.000 0.000 0.000 150.0 0.000 51 1 0 Travel
91.036 83.945 0.200 0.000 0.000 0.000 150.0 0.000 52 1 0 Travel
91.036 83.945 0.200 0.000 0.000 0.000 25.0 0.000 53 1 0 Unretract
91.338 83.945 0.200 0.000 0.000 0.000 20.0 0.000 54 1 0 Travel
91.467 84.222 0.200 0.000 0.000 0.000 20.0 0.000 55 1 0 Print_Perimeter
91.720 84.622 0.200 0.000 0.000 0.000 20.0 0.220 56 1 0 Print_Perimeter
92.047 84.991 0.200 0.000 0.000 0.000 20.0 0.020 57 1 0 Print_Perimeter
92.414 85.290 0.200 0.000 0.000 0.000 20.0 0.000 58 1 0 Travel
92.639 85.432 0.200 0.000 0.000 0.000 20.0 0.000 59 1 0 Travel
92.874 85.556 0.200 0.000 0.000 0.000 20.0 0.000 60 1 0 Travel
93.317 85.724 0.200 0.000 0.000 0.000 20.0 0.280 61 1 0 Print_Perimeter
93.781 85.819 0.200 0.000 0.000 0.000 20.0 0.000 62 1 0 Travel
94.065 85.842 0.200 0.000 0.000 0.000 20.0 0.000 63 1 0 Travel
94.576 85.815 0.200 0.000 0.000 0.000 20.0 0.280 64 1 0 Print_Perimeter
94.727 86.075 0.200 0.000 0.000 0.000 20.0 0.000 65 1 0 Travel
124.181 69.077 0.200 0.000 0.000 0.000 20.0 0.620 66 1 0 Print_Perimeter
124.432 68.991 0.200 0.000 0.000 0.000 20.0 0.000 67 1 0 Travel
124.590 68.969 0.200 0.000 0.000 0.000 20.0 0.000 68 1 0 Travel
124.731 68.973 0.200 0.000 0.000 0.000 20.0 0.000 69 1 0 Travel
124.990 69.031 0.200 0.000 0.000 0.000 20.0 0.300 70 1 0 Print_Perimeter
125.255 69.172 0.200 0.000 0.000 0.000 20.0 0.080 71 1 0 Print_Perimeter
125.445 69.356 0.200 0.000 0.000 0.000 20.0 0.000 72 1 0 Travel
125.534 69.484 0.200 0.000 0.000 0.000 20.0 0.000 73 1 0 Travel
125.601 69.626 0.200 0.000 0.000 0.000 20.0 0.000 74 1 0 Travel
125.665 69.883 0.200 0.000 0.000 0.000 20.0 0.260 75 1 0 Print_Perimeter
125.673 70.024 0.200 0.000 0.000 0.000 20.0 0.000 76 1 0 Travel
125.655 70.183 0.200 0.000 0.000 0.000 20.0 0.080 77 1 0 Print_Perimeter
125.576 70.435 0.200 0.000 0.000 0.000 20.0 0.240 78 1 0 Print_Perimeter
125.410 70.685 0.200 0.000 0.000 0.000 20.0 0.080 79 1 0 Print_Perimeter
125.210 70.859 0.200 0.000 0.000 0.000 20.0 0.000 80 1 0 Travel
95.761 87.870 0.200 0.000 0.000 0.000 20.0 0.620 81 1 0 Print_Perimeter
95.913 88.132 0.200 0.000 0.000 0.000 20.0 0.000 82 1 0 Travel
95.634 88.561 0.200 0.000 0.000 0.000 20.0 0.260 83 1 0 Print_Perimeter
95.511 88.819 0.200 0.000 0.000 0.000 20.0 0.000 84 1 0 Travel
95.362 89.268 0.200 0.000 0.000 0.000 20.0 0.240 85 1 0 Print_Perimeter
95.286 89.735 0.200 0.000 0.000 0.000 20.0 0.000 86 1 0 Travel
95.275 90.001 0.200 0.000 0.000 0.000 20.0 0.000 87 1 0 Travel
95.286 90.267 0.200 0.000 0.000 0.000 20.0 0.000 88 1 0 Travel
95.362 90.734 0.200 0.000 0.000 0.000 20.0 0.280 89 1 0 Print_Perimeter
95.511 91.184 0.200 0.000 0.000 0.000 20.0 0.000 90 1 0 Travel
95.634 91.442 0.200 0.000 0.000 0.000 20.0 0.000 91 1 0 Travel
95.913 91.871 0.200 0.000 0.000 0.000 20.0 0.280 92 1 0 Print_Perimeter
95.762 92.131 0.200 0.000 0.000 0.000 20.0 0.000 93 1 0 Travel
125.139 109.092 0.200 0.000 0.000 0.000 20.0 0.620 94 1 0 Print_Perimeter
125.337 109.239 0.200 0.000 0.000 0.000 20.0 0.000 95 1 0 Travel
125.503 109.440 0.200 0.000 0.000 0.000 20.0 0.040 96 1 0 Print_Perimeter
125.619 109.674 0.200 0.000 0.000 0.000 20.0 0.000 97 1 0 Print_Perimeter
125.673 109.973 0.200 0.000 0.000 0.000 20.0 0.080 98 1 0 Print_Perimeter
125.663 110.150 0.200 0.000 0.000 0.000 20.0 0.000 99 1 0 Travel
125.605 110.369 0.200 0.000 0.000 0.000 20.0 0.140 100 1 0 Print_Perimeter
125.543 110.499 0.200 0.000 0.000 0.000 20.0 0.000 101 1 0 Travel
125.387 110.708 0.200 0.000 0.000 0.000 20.0 0.280 102 1 0 Print_Perimeter
125.201 110.862 0.200 0.000 0.000 0.000 20.0 0.000 103 1 0 Travel
124.984 110.969 0.200 0.000 0.000 0.000 20.0 0.000 104 1 0 Print_Perimeter
124.730 111.027 0.200 0.000 0.000 0.000 20.0 0.040 105 1 0 Print_Perimeter
124.587 111.031 0.200 0.000 0.000 0.000 20.0 0.000 106 1 0 Travel
124.445 111.012 0.200 0.000 0.000 0.000 20.0 0.000 107 1 0 Travel
124.180 110.922 0.200 0.000 0.000 0.000 20.0 0.300 108 1 0 Print_Perimeter
94.725 93.924 0.200 0.000 0.000 0.000 20.0 0.620 109 1 0 Print_Perimeter
94.574 94.186 0.200 0.000 0.000 0.000 20.0 0.000 110 1 0 Travel
94.271 94.160 0.200 0.000 0.000 0.000 20.0 0.000 111 1 0 Print_Perimeter
93.798 94.179 0.200 0.000 0.000 0.000 20.0 0.220 112 1 0 Print_Perimeter
93.316 94.277 0.200 0.000 0.000 0.000 20.0 0.020 113 1 0 Print_Perimeter
92.893 94.436 0.200 0.000 0.000 0.000 20.0 0.000 114 1 0 Travel
92.622 94.576 0.200 0.000 0.000 0.000 20.0 0.000 115 1 0 Travel
92.245 94.836 0.200 0.000 0.000 0.000 20.0 0.200 116 1 0 Print_Perimeter
92.032 95.025 0.200 0.000 0.000 0.000 20.0 0.000 117 1 0 Travel
91.718 95.380 0.200 0.000 0.000 0.000 20.0 0.240 118 1 0 Print_Perimeter
91.465 95.780 0.200 0.000 0.000 0.000 20.0 0.000 119 1 0 Travel
91.336 96.056 0.200 0.000 0.000 0.000 20.0 0.000 120 1 0 Travel
91.036 96.056 0.200 0.000 0.000 0.000 20.0 0.000 121 1 0 Travel
91.029 130.063 0.200 0.000 0.000 0.000 20.0 0.620 122 1 0 Print_Perimeter
90.978 130.324 0.200 0.000 0.000 0.000 20.0 0.000 123 1 1 Travel
90.918 130.471 0.200 0.000 0.000 0.000 20.0 0.000 124 1 1 Travel
90.844 130.592 0.200 0.000 0.000 0.000 20.0 0.000 125 1 1 Travel
90.665 130.787 0.200 0.000 0.000 0.000 20.0 0.300 126 1 1 Print_Perimeter
90.411 130.946 0.200 0.000 0.000 0.000 20.0 0.080 127 1 1 Print_Perimeter
90.156 131.018 0.200 0.000 0.000 0.000 20.0 0.000 128 1 1 Travel
90.000 131.032 0.200 0.000 0.000 0.000 20.0 0.000 129 1 1 Travel
89.844 131.018 0.200 0.000 0.000 0.000 20.0 0.000 130 1 1 Travel
89.589 130.946 0.200 0.000 0.000 0.000 20.0 0.260 131 1 1 Print_Perimeter
89.335 130.787 0.200 0.000 0.000 0.000 20.0 0.080 132 1 1 Print_Perimeter
89.156 130.592 0.200 0.000 0.000 0.000 20.0 0.000 133 1 1 Travel
89.082 130.471 0.200 0.000 0.000 0.000 20.0 0.000 134 1 1 Travel
89.022 130.324 0.200 0.000 0.000 0.000 20.0 0.080 135 1 1 Print_Perimeter
88.971 130.063 0.200 0.000 0.000 0.000 20.0 0.240 136 1 1 Print_Perimeter
88.964 96.055 0.200 0.000 0.000 0.000 20.0 0.620 137 1 1 Print_Perimeter
88.662 96.055 0.200 0.000 0.000 0.000 20.0 0.000 138 1 1 Travel
88.533 95.778 0.200 0.000 0.000 0.000 20.0 0.000 139 1 1 Print_Perimeter
88.280 95.378 0.200 0.000 0.000 0.000 20.0 0.220 140 1 1 Print_Perimeter
87.953 95.009 0.200 0.000 0.000 0.000 20.0 0.020 141 1 1 Print_Perimeter
87.586 94.710 0.200 0.000 0.000 0.000 20.0 0.000 142 1 1 Travel
87.361 94.568 0.200 0.000 0.000 0.000 20.0 0.000 143 1 1 Travel
87.126 94.444 0.200 0.000 0.000 0.000 20.0 0.000 144 1 1 Travel
86.683 94.276 0.200 0.000 0.000 0.000 20.0 0.280 145 1 1 Print_Perimeter
86.219 94.181 0.200 0.000 0.000 0.000 20.0 0.000 146 1 1 Travel
85.935 94.158 0.200 0.000 0.000 0.000 20.0 0.000 147 1 1 Travel
85.424 94.185 0.200 0.000 0.000 0.000 20.0 0.280 148 1 1 Print_Perimeter
85.273 93.925 0.200 0.000 0.000 0.000 20.0 0.000 149 1 1 Travel
55.819 110.923 0.200 0.000 0.000 0.000 20.0 0.620 150 1 1 Print_Perimeter
55.568 111.009 0.200 0.000 0.000 0.000 20.0 0.000 151 1 1 Travel
55.410 111.031 0.200 0.000 0.000 0.000 20.0 0.000 152 1 1 Travel
55.269 111.027 0.200 0.000 0.000 0.000 20.0 0.000 153 1 1 Travel
55.010 110.969 0.200 0.000 0.000 0.000 20.0 0.300 154 1 1 Print_Perimeter
54.745 110.828 0.200 0.000 0.000 0.000 20.0 0.080 155 1 1 Print_Perimeter
54.555 110.644 0.200 0.000 0.000 0.000 20.0 0.000 156 1 1 Travel
54.466 110.516 0.200 0.000 0.000 0.000 20.0 0.000 157 1 1 Travel
54.399 110.374 0.200 0.000 0.000 0.000 20.0 0.000 158 1 1 Travel
54.335 110.117 0.200 0.000 0.000 0.000 20.0 0.260 159 1 1 Print_Perimeter
54.345 109.817 0.200 0.000 0.000 0.000 20.0 0.080 160 1 1 Print_Perimeter
54.424 109.565 0.200 0.000 0.000 0.000 20.0 0.000 161 1 1 Travel
54.492 109.441 0.200 0.000 0.000 0.000 20.0 0.000 162 1 1 Travel
54.590 109.315 0.200 0.000 0.000 0.000 20.0 0.080 163 1 1 Print_Perimeter
54.790 109.141 0.200 0.000 0.000 0.000 20.0 0.260 164 1 1 Print_Perimeter
84.239 92.130 0.200 0.000 0.000 0.000 20.0 0.620 165 1 1 Print_Perimeter
84.087 91.868 0.200 0.000 0.000 0.000 20.0 0.000 166 1 1 Travel
84.366 91.439 0.200 0.000 0.000 0.000 20.0 0.260 167 1 1 Print_Perimeter
84.489 91.181 0.200 0.000 0.000 0.000 20.0 0.000 168 1 1 Travel
84.638 90.732 0.200 0.000 0.000 0.000 20.0 0.240 169 1 1 Print_Perimeter
84.714 90.265 0.200 0.000 0.000 0.000 20.0 0.000 170 1 1 Travel
84.725 89.999 0.200 0.000 0.000 0.000 20.0 0.000 171 1 1 Travel
84.714 89.733 0.200 0.000 0.000 0.000 20.0 0.000 172 1 1 Travel
84.638 89.266 0.200 0.000 0.000 0.000 20.0 0.280 173 1 1 Print_Perimeter
84.489 88.816 0.200 0.000 0.000 0.000 20.0 0.000 174 1 1 Travel
84.366 88.558 0.200 0.000 0.000 0.000 20.0 0.000 175 1 1 Travel
84.087 88.129 0.200 0.000 0.000 0.000 20.0 0.280 176 1 1 Print_Perimeter
84.238 87.869 0.200 0.000 0.000 0.000 20.0 0.000 177 1 1 Travel
54.861 70.908 0.200 0.000 0.000 0.000 20.0 0.620 178 1 1 Print_Perimeter
54.663 70.761 0.200 0.000 0.000 0.000 20.0 0.000 179 1 1 Travel
54.497 70.560 0.200 0.000 0.000 0.000 20.0 0.040 180 1 1 Print_Perimeter
54.381 70.326 0.200 0.000 0.000 0.000 20.0 0.000 181 1 1 Print_Perimeter
54.327 70.027 0.200 0.000 0.000 0.000 20.0 0.080 182 1 1 Print_Perimeter
54.337 69.850 0.200 0.000 0.000 0.000 20.0 0.000 183 1 1 Travel
54.395 69.631 0.200 0.000 0.000 0.000 20.0 0.140 184 1 1 Print_Perimeter
54.457 69.501 0.200 0.000 0.000 0.000 20.0 0.000 185 1 1 Travel
54.613 69.292 0.200 0.000 0.000 0.000 20.0 0.280 186 1 1 Print_Perimeter
54.799 69.138 0.200 0.000 0.000 0.000 20.0 0.000 187 1 1 Travel
55.016 69.031 0.200 0.000 0.000 0.000 20.0 0.000 188 1 1 Print_Perimeter
55.270 68.973 0.200 0.000 0.000 0.000 20.0 0.040 189 1 1 Print_Perimeter
55.413 68.969 0.200 0.000 0.000 0.000 20.0 0.000 190 1 1 Travel
55.555 68.988 0.200 0.000 0.000 0.000 20.0 0.000 191 1 1 Travel
55.820 69.078 0.200 0.000 0.000 0.000 20.0 0.300 192 1 1 Print_Perimeter
85.275 86.076 0.200 0.000 0.000 0.000 20.0 0.620 193 1 1 Print_Perimeter
85.426 85.814 0.200 0.000 0.000 0.000 20.0 0.000 194 1 1 Travel
85.729 85.840 0.200 0.000 0.000 0.000 20.0 0.000 195 1 1 Print_Perimeter
86.202 85.821 0.200 0.000 0.000 0.000 20.0 0.220 196 1 1 Print_Perimeter
86.684 85.723 0.200 0.000 0.000 0.000 20.0 0.020 197 1 1 Print_Perimeter
87.107 85.564 0.200 0.000 0.000 0.000 20.0 0.000 198 1 1 Travel
87.378 85.424 0.200 0.000 0.000 0.000 20.0 0.000 199 1 1 Travel
87.755 85.164 0.200 0.000 0.000 0.000 20.0 0.200 200 1 1 Print_Perimeter
87.968 84.975 0.200 0.000 0.000 0.000 20.0 0.000 201 1 1 Travel
88.282 84.620 0.200 0.000 0.000 0.000 20.0 0.240 202 1 1 Print_Perimeter
88.535 84.220 0.200 0.000 0.000 0.000 20.0 0.000 203 1 1 Travel
88.664 83.944 0.200 0.000 0.000 0.000 20.0 0.000 204 1 1 Travel
88.964 83.944 0.200 0.000 0.000 0.000 20.0 0.000 205 1 1 Travel
88.971 49.937 0.200 0.000 0.000 0.000 20.0 0.620 206 1 1 Print_Perimeter
89.022 49.676 0.200 0.000 0.000 0.000 20.0 0.000 207 1 1 Travel
89.082 49.529 0.200 0.000 0.000 0.000 20.0 0.000 208 1 1 Travel
89.155 49.410 0.200 0.000 0.000 0.000 20.0 0.000 209 1 1 Travel
89.345 49.204 0.200 0.000 0.000 0.000 20.0 0.320 210 1 1 Print_Perimeter
89.445 49.131 0.200 0.000 0.000 0.000 20.0 0.000 211 1 1 Travel
89.700 49.014 0.200 0.000 0.000 0.000 20.0 0.340 212 1 1 Print_Perimeter
89.835 48.981 0.200 0.000 0.000 0.000 20.0 0.000 213 1 1 Travel
89.995 48.970 0.200 0.000 0.000 0.000 20.0 0.080 214 1 1 Print_Perimeter
90.258 49.002 0.200 0.000 0.000 0.000 20.0 0.240 215 1 1 Print_Perimeter
90.377 49.041 0.200 0.000 0.000 0.000 20.0 0.000 216 1 1 Travel
90.621 49.177 0.200 0.000 0.000 0.000 20.0 0.340 217 1 1 Print_Perimeter
90.835 49.393 0.200 0.000 0.000 0.000 20.0 0.060 218 1 1 Print_Perimeter
90.918 49.529 0.200 0.000 0.000 0.000 20.0 0.000 219 1 1 Travel
90.978 49.676 0.200 0.000 0.000 0.000 20.0 0.000 220 1 1 Print_Perimeter
91.029 49.937 0.200 0.000 0.000 0.000 20.0 0.240 221 1 1 Print_Perimeter
91.036 83.885 0.200 0.000 0.000 0.000 20.0 0.620 222 1 1 Print_Perimeter
91.413 83.568 0.200 0.000 0.000 0.000 150.0 0.000 223 1 1 Travel
91.610 83.568 0.200 0.000 0.000 0.000 20.0 0.000 224 1 1 Travel
91.695 83.823 0.200 0.000 0.000 0.000 20.0 0.160 225 1 1 Print_Perimeter
91.798 84.039 0.200 0.000 0.000 0.000 20.0 0.000 226 1 1 Travel
92.022 84.395 0.200 0.000 0.000 0.000 20.0 0.260 227 1 1 Print_Perimeter
92.309 84.718 0.200 0.000 0.000 0.000 20.0 0.020 228 1 1 Print_Perimeter
92.635 84.984 0.200 0.000 0.000 0.000 20.0 0.000 229 1 1 Travel
92.827 85.106 0.200 0.000 0.000 0.000 20.0 0.000 230 1 1 Travel
93.029 85.212 0.200 0.000 0.000 0.000 20.0 0.000 231 1 1 Travel
93.422 85.361 0.200 0.000 0.000 0.000 20.0 0.280 232 1 1 Print_Perimeter
93.834 85.445 0.200 0.000 0.000 0.000 20.0 0.000 233 1 1 Travel
94.073 85.464 0.200 0.000 0.000 0.000 20.0 0.000 234 1 1 Travel
94.493 85.447 0.200 0.000 0.000 0.000 20.0 0.260 235 1 1 Print_Perimeter
94.767 85.391 0.200 0.000 0.000 0.000 20.0 0.000 236 1 1 Travel
94.865 85.560 0.200 0.000 0.000 0.000 20.0 0.000 237 1 1 Travel
124.024 68.732 0.200 0.000 0.000 0.000 20.0 0.620 238 1 1 Print_Perimeter
124.344 68.623 0.200 0.000 0.000 0.000 20.0 0.000 239 1 1 Travel
124.569 68.592 0.200 0.000 0.000 0.000 20.0 0.000 240 1 1 Travel
124.778 68.597 0.200 0.000 0.000 0.000 20.0 0.000 241 1 1 Travel
125.107 68.671 0.200 0.000 0.000 0.000 20.0 0.240 242 1 1 Print_Perimeter
125.316 68.762 0.200 0.000 0.000 0.000 20.0 0.000 243 1 1 Travel
125.491 68.875 0.200 0.000 0.000 0.000 20.0 0.000 244 1 1 Travel
125.733 69.110 0.200 0.000 0.000 0.000 20.0 0.240 245 1 1 Print_Perimeter
125.862 69.295 0.200 0.000 0.000 0.000 20.0 0.000 246 1 1 Travel
125.958 69.499 0.200 0.000 0.000 0.000 20.0 0.000 247 1 1 Travel
126.040 69.827 0.200 0.000 0.000 0.000 20.0 0.200 248 1 1 Print_Perimeter
126.051 70.035 0.200 0.000 0.000 0.000 20.0 0.000 249 1 1 Travel
126.026 70.261 0.200 0.000 0.000 0.000 20.0 0.060 250 1 1 Print_Perimeter
125.924 70.583 0.200 0.000 0.000 0.000 20.0 0.200 251 1 1 Print_Perimeter
125.825 70.767 0.200 0.000 0.000 0.000 20.0 0.000 252 1 1 Travel
125.685 70.946 0.200 0.000 0.000 0.000 20.0 0.040 253 1 1 Print_Perimeter
125.430 71.168 0.200 0.000 0.000 0.000 20.0 0.200 254 1 1 Print_Perimeter
96.276 88.008 0.200 0.000 0.000 0.000 20.0 0.620 255 1 1 Print_Perimeter
96.375 88.179 0.200 0.000 0.000 0.000 20.0 0.000 256 1 1 Travel
96.189 88.388 0.200 0.000 0.000 0.000 20.0 0.180 257 1 1 Print_Perimeter
95.965 88.743 0.200 0.000 0.000 0.000 20.0 0.200 258 1 1 Print_Perimeter
95.862 88.960 0.200 0.000 0.000 0.000 20.0 0.000 259 1 1 Travel
95.729 89.359 0.200 0.000 0.000 0.000 20.0 0.260 260 1 1 Print_Perimeter
95.661 89.773 0.200 0.000 0.000 0.000 20.0 0.000 261 1 1 Travel
95.652 90.001 0.200 0.000 0.000 0.000 20.0 0.000 262 1 1 Travel
95.661 90.229 0.200 0.000 0.000 0.000 20.0 0.000 263 1 1 Travel
95.729 90.644 0.200 0.000 0.000 0.000 20.0 0.280 264 1 1 Print_Perimeter
95.862 91.043 0.200 0.000 0.000 0.000 20.0 0.000 265 1 1 Travel
95.965 91.259 0.200 0.000 0.000 0.000 20.0 0.000 266 1 1 Travel
96.189 91.615 0.200 0.000 0.000 0.000 20.0 0.260 267 1 1 Print_Perimeter
96.375 91.824 0.200 0.000 0.000 0.000 20.0 0.000 268 1 1 Travel
96.277 91.993 0.200 0.000 0.000 0.000 20.0 0.000 269 1 1 Travel
125.431 108.830 0.200 0.000 0.000 0.000 20.0 0.620 270 1 1 Print_Perimeter
125.603 108.970 0.200 0.000 0.000 0.000 20.0 0.000 271 1 1 Travel
125.822 109.233 0.200 0.000 0.000 0.000 20.0 0.220 272 1 1 Print_Perimeter
125.974 109.541 0.200 0.000 0.000 0.000 20.0 0.000 273 1 1 Print_Perimeter
126.028 109.743 0.200 0.000 0.000 0.000 20.0 0.000 274 1 1 Travel
126.051 109.963 0.200 0.000 0.000 0.000 20.0 0.040 275 1 1 Print_Perimeter
126.039 110.193 0.200 0.000 0.000 0.000 20.0 0.020 276 1 1 Print_Perimeter
125.958 110.505 0.200 0.000 0.000 0.000 20.0 0.180 277 1 1 Print_Perimeter
125.867 110.695 0.200 0.000 0.000 0.000 20.0 0.000 278 1 1 Travel
125.662 110.969 0.200 0.000 0.000 0.000 20.0 0.240 279 1 1 Print_Perimeter
125.408 111.181 0.200 0.000 0.000 0.000 20.0 0.000 280 1 1 Travel
125.111 111.327 0.200 0.000 0.000 0.000 20.0 0.000 281 1 1 Print_Perimeter
124.777 111.403 0.200 0.000 0.000 0.000 20.0 0.020 282 1 1 Print_Perimeter
124.567 111.408 0.200 0.000 0.000 0.000 20.0 0.000 283 1 1 Travel
124.359 111.381 0.200 0.000 0.000 0.000 20.0 0.000 284 1 1 Travel
124.024 111.267 0.200 0.000 0.000 0.000 20.0 0.260 285 1 1 Print_Perimeter
94.863 94.439 0.200 0.000 0.000 0.000 20.0 0.620 286 1 1 Print_Perimeter
94.765 94.610 0.200 0.000 0.000 0.000 20.0 0.000 287 1 1 Travel
94.502 94.557 0.200 0.000 0.000 0.000 20.0 0.160 288 1 1 Print_Perimeter
94.263 94.537 0.200 0.000 0.000 0.000 20.0 0.000 289 1 1 Travel
93.843 94.554 0.200 0.000 0.000 0.000 20.0 0.260 290 1 1 Print_Perimeter
93.421 94.640 0.200 0.000 0.000 0.000 20.0 0.020 291 1 1 Print_Perimeter
93.046 94.782 0.200 0.000 0.000 0.000 20.0 0.000 292 1 1 Travel
92.816 94.900 0.200 0.000 0.000 0.000 20.0 0.000 293 1 1 Travel
92.478 95.133 0.200 0.000 0.000 0.000 20.0 0.240 294 1 1 Print_Perimeter
92.299 95.292 0.200 0.000 0.000 0.000 20.0 0.000 295 1 1 Travel
92.020 95.607 0.200 0.000 0.000 0.000 20.0 0.260 296 1 1 Print_Perimeter
91.796 95.962 0.200 0.000 0.000 0.000 20.0 0.000 297 1 1 Travel
91.693 96.179 0.200 0.000 0.000 0.000 20.0 0.000 298 1 1 Travel
91.608 96.433 0.200 0.000 0.000 0.000 20.0 0.060 299 1 1 Print_Perimeter
91.413 96.433 0.200 0.000 0.000 0.000 20.0 0.000 300 1 1 Travel
91.406 130.100 0.200 0.000 0.000 0.000 20.0 0.620 301 1 1 Print_Perimeter
91.341 130.432 0.200 0.000 0.000 0.000 20.0 0.000 302 1 1 Travel
91.256 130.642 0.200 0.000 0.000 0.000 20.0 0.000 303 1 1 Travel
91.147 130.820 0.200 0.000 0.000 0.000 20.0 0.000 304 1 1 Travel
90.918 131.069 0.200 0.000 0.000 0.000 20.0 0.240 305 1 1 Print_Perimeter
90.735 131.203 0.200 0.000 0.000 0.000 20.0 0.000 306 1 1 Travel
90.549 131.298 0.200 0.000 0.000 0.000 20.0 0.000 307 1 1 Travel
90.224 131.391 0.200 0.000 0.000 0.000 20.0 0.240 308 1 1 Print_Perimeter
90.000 131.410 0.200 0.000 0.000 0.000 20.0 0.000 309 1 1 Travel
89.776 131.391 0.200 0.000 0.000 0.000 20.0 0.000 310 1 1 Travel
89.451 131.298 0.200 0.000 0.000 0.000 20.0 0.200 311 1 1 Print_Perimeter
89.265 131.203 0.200 0.000 0.000 0.000 20.0 0.000 312 1 1 Travel
89.082 131.069 0.200 0.000 0.000 0.000 20.0 0.060 313 1 1 Print_Perimeter
88.853 130.820 0.200 0.000 0.000 0.000 20.0 0.200 314 1 1 Print_Perimeter
88.744 130.642 0.200 0.000 0.000 0.000 20.0 0.000 315 1 1 Travel
88.659 130.432 0.200 0.000 0.000 0.000 20.0 0.040 316 1 1 Print_Perimeter
88.594 130.100 0.200 0.000 0.000 0.000 20.0 0.200 317 1 1 Print_Perimeter
88.587 96.432 0.200 0.000 0.000 0.000 20.0 0.620 318 1 1 Print_Perimeter
88.390 96.432 0.200 0.000 0.000 0.000 20.0 0.000 319 1 1 Travel
88.305 96.177 0.200 0.000 0.000 0.000 20.0 0.160 320 1 1 Print_Perimeter
88.202 95.961 0.200 0.000 0.000 0.000 20.0 0.000 321 1 1 Travel
87.978 95.605 0.200 0.000 0.000 0.000 20.0 0.260 322 1 1 Print_Perimeter
87.691 95.282 0.200 0.000 0.000 0.000 20.0 0.020 323 1 1 Print_Perimeter
87.365 95.016 0.200 0.000 0.000 0.000 20.0 0.000 324 1 1 Travel
87.173 94.894 0.200 0.000 0.000 0.000 20.0 0.000 325 1 1 Travel
86.971 94.788 0.200 0.000 0.000 0.000 20.0 0.000 326 1 1 Travel
86.578 94.639 0.200 0.000 0.000 0.000 20.0 0.280 327 1 1 Print_Perimeter
86.166 94.555 0.200 0.000 0.000 0.000 20.0 0.000 328 1 1 Travel
85.927 94.536 0.200 0.000 0.000 0.000 20.0 0.000 329 1 1 Travel
85.507 94.553 0.200 0.000 0.000 0.000 20.0 0.260 330 1 1 Print_Perimeter
85.233 94.609 0.200 0.000 0.000 0.000 20.0 0.000 331 1 1 Travel
85.135 94.440 0.200 0.000 0.000 0.000 20.0 0.000 332 1 1 Travel
55.976 111.268 0.200 0.000 0.000 0.000 20.0 0.620 333 1 1 Print_Perimeter
55.656 111.377 0.200 0.000 0.000 0.000 20.0 0.000 334 1 1 Travel
55.431 111.408 0.200 0.000 0.000 0.000 20.0 0.000 335 1 1 Travel
55.222 111.403 0.200 0.000 0.000 0.000 20.0 0.000 336 1 1 Travel
54.893 111.329 0.200 0.000 0.000 0.000 20.0 0.240 337 1 1 Print_Perimeter
54.684 111.238 0.200 0.000 0.000 0.000 20.0 0.000 338 1 1 Travel
54.509 111.125 0.200 0.000 0.000 0.000 20.0 0.000 339 1 1 Travel
54.267 110.890 0.200 0.000 0.000 0.000 20.0 0.240 340 1 1 Print_Perimeter
54.138 110.705 0.200 0.000 0.000 0.000 20.0 0.000 341 1 1 Travel
54.042 110.501 0.200 0.000 0.000 0.000 20.0 0.000 342 1 1 Travel
53.960 110.173 0.200 0.000 0.000 0.000 20.0 0.200 343 1 1 Print_Perimeter
53.949 109.965 0.200 0.000 0.000 0.000 20.0 0.000 344 1 1 Travel
53.974 109.739 0.200 0.000 0.000 0.000 20.0 0.060 345 1 1 Print_Perimeter
54.076 109.417 0.200 0.000 0.000 0.000 20.0 0.200 346 1 1 Print_Perimeter
54.175 109.233 0.200 0.000 0.000 0.000 20.0 0.000 347 1 1 Travel
54.315 109.054 0.200 0.000 0.000 0.000 20.0 0.040 348 1 1 Print_Perimeter
54.570 108.832 0.200 0.000 0.000 0.000 20.0 0.200 349 1 1 Print_Perimeter
83.724 91.992 0.200 0.000 0.000 0.000 20.0 0.620 350 1 1 Print_Perimeter
83.625 91.821 0.200 0.000 0.000 0.000 20.0 0.000 351 1 1 Travel
83.811 91.612 0.200 0.000 0.000 0.000 20.0 0.180 352 1 1 Print_Perimeter
84.035 91.257 0.200 0.000 0.000 0.000 20.0 0.200 353 1 1 Print_Perimeter
84.138 91.040 0.200 0.000 0.000 0.000 20.0 0.000 354 1 1 Travel
84.271 90.641 0.200 0.000 0.000 0.000 20.0 0.260 355 1 1 Print_Perimeter
84.339 90.227 0.200 0.000 0.000 0.000 20.0 0.000 356 1 1 Travel
84.348 89.999 0.200 0.000 0.000 0.000 20.0 0.000 357 1 1 Travel
84.339 89.771 0.200 0.000 0.000 0.000 20.0 0.000 358 1 1 Travel
84.271 89.356 0.200 0.000 0.000 0.000 20.0 0.280 359 1 1 Print_Perimeter
84.138 88.957 0.200 0.000 0.000 0.000 20.0 0.000 360 1 1 Travel
84.035 88.741 0.200 0.000 0.000 0.000 20.0 0.000 361 1 1 Travel
83.811 88.385 0.200 0.000 0.000 0.000 20.0 0.260 362 1 1 Print_Perimeter
83.625 88.176 0.200 0.000 0.000 0.000 20.0 0.000 363 1 1 Travel
83.723 88.007 0.200 0.000 0.000 0.000 20.0 0.000 364 1 1 Travel
54.666 71.231 0.200 0.000 0.000 0.000 20.0 0.620 365 1 1 Print_Perimeter
54.397 71.030 0.200 0.000 0.000 0.000 20.0 0.000 366 1 1 Travel
54.178 70.767 0.200 0.000 0.000 0.000 20.0 0.020 367 1 1 Print_Perimeter
54.026 70.459 0.200 0.000 0.000 0.000 20.0 0.000 368 1 1 Print_Perimeter
53.972 70.257 0.200 0.000 0.000 0.000 20.0 0.000 369 1 1 Travel
53.949 70.037 0.200 0.000 0.000 0.000 20.0 0.040 370 1 1 Print_Perimeter
53.961 69.807 0.200 0.000 0.000 0.000 20.0 0.020 371 1 1 Print_Perimeter
54.042 69.495 0.200 0.000 0.000 0.000 20.0 0.180 372 1 1 Print_Perimeter
54.133 69.305 0.200 0.000 0.000 0.000 20.0 0.000 373 1 1 Travel
54.338 69.031 0.200 0.000 0.000 0.000 20.0 0.240 374 1 1 Print_Perimeter
54.592 68.819 0.200 0.000 0.000 0.000 20.0 0.000 375 1 1 Travel
54.889 68.673 0.200 0.000 0.000 0.000 20.0 0.000 376 1 1 Print_Perimeter
55.223 68.597 0.200 0.000 0.000 0.000 20.0 0.020 377 1 1 Print_Perimeter
55.433 68.592 0.200 0.000 0.000 0.000 20.0 0.000 378 1 1 Travel
55.641 68.619 0.200 0.000 0.000 0.000 20.0 0.000 379 1 1 Travel
55.976 68.733 0.200 0.000 0.000 0.000 20.0 0.260 380 1 1 Print_Perimeter
85.137 85.561 0.200 0.000 0.000 0.000 20.0 0.620 381 1 1 Print_Perimeter
85.235 85.390 0.200 0.000 0.000 0.000 20.0 0.000 382 1 1 Travel
85.498 85.443 0.200 0.000 0.000 0.000 20.0 0.160 383 1 1 Print_Perimeter
85.737 85.463 0.200 0.000 0.000 0.000 20.0 0.000 384 1 1 Travel
86.157 85.446 0.200 0.000 0.000 0.000 20.0 0.260 385 1 1 Print_Perimeter
86.579 85.360 0.200 0.000 0.000 0.000 20.0 0.020 386 1 1 Print_Perimeter
86.954 85.218 0.200 0.000 0.000 0.000 20.0 0.000 387 1 1 Travel
87.184 85.100 0.200 0.000 0.000 0.000 20.0 0.000 388 1 1 Travel
87.522 84.867 0.200 0.000 0.000 0.000 20.0 0.240 389 1 1 Print_Perimeter
87.701 84.708 0.200 0.000 0.000 0.000 20.0 0.000 390 1 1 Travel
87.980 84.393 0.200 0.000 0.000 0.000 20.0 0.260 391 1 1 Print_Perimeter
88.204 84.038 0.200 0.000 0.000 0.000 20.0 0.000 392 1 1 Travel
88.307 83.821 0.200 0.000 0.000 0.000 20.0 0.000 393 1 1 Travel
88.392 83.567 0.200 0.000 0.000 0.000 20.0 0.060 394 1 1 Print_Perimeter
88.587 83.567 0.200 0.000 0.000 0.000 20.0 0.000 395 1 1 Travel
88.594 49.900 0.200 0.000 0.000 0.000 20.0 0.620 396 1 1 Print_Perimeter
88.659 49.568 0.200 0.000 0.000 0.000 20.0 0.000 397 1 1 Travel
88.744 49.358 0.200 0.000 0.000 0.000 20.0 0.000 398 1 1 Travel
88.853 49.181 0.200 0.000 0.000 0.000 20.0 0.000 399 1 1 Travel
89.093 48.921 0.200 0.000 0.000 0.000 20.0 0.260 400 1 1 Print_Perimeter
89.254 48.804 0.200 0.000 0.000 0.000 20.0 0.000 401 1 1 Travel
89.575 48.656 0.200 0.000 0.000 0.000 20.0 0.280 402 1 1 Print_Perimeter
89.777 48.607 0.200 0.000 0.000 0.000 20.0 0.000 403 1 1 Travel
90.004 48.591 0.200 0.000 0.000 0.000 20.0 0.060 404 1 1 Print_Perimeter
90.339 48.632 0.200 0.000 0.000 0.000 20.0 0.200 405 1 1 Print_Perimeter
90.529 48.693 0.200 0.000 0.000 0.000 20.0 0.000 406 1 1 Travel
90.838 48.867 0.200 0.000 0.000 0.000 20.0 0.280 407 1 1 Print_Perimeter
90.997 49.003 0.200 0.000 0.000 0.000 20.0 0.000 408 1 1 Travel
91.141 49.171 0.200 0.000 0.000 0.000 20.0 0.040 409 1 1 Print_Perimeter
91.256 49.358 0.200 0.000 0.000 0.000 20.0 0.000 410 1 1 Travel
91.341 49.568 0.200 0.000 0.000 0.000 20.0 0.020 411 1 1 Print_Perimeter
91.406 49.900 0.200 0.000 0.000 0.000 20.0 0.200 412 1 1 Print_Perimeter
91.413 83.508 0.200 0.000 0.000 0.000 20.0 0.620 413 1 1 Print_Perimeter
91.790 83.191 0.200 0.000 0.000 0.000 150.0 0.000 414 1 1 Travel
91.906 83.191 0.200 0.000 0.000 0.000 20.0 0.000 415 1 1 Travel
91.929 83.334 0.200 0.000 0.000 0.000 20.0 0.120 416 1 1 Print_External_Perimeter
92.045 83.682 0.200 0.000 0.000 0.000 20.0 0.380 417 1 1 Print_External_Perimeter
92.129 83.857 0.200 0.000 0.000 0.000 20.0 0.000 418 1 1 Travel
92.325 84.167 0.200 0.000 0.000 0.000 20.0 0.300 419 1 1 Print_External_Perimeter
92.571 84.445 0.200 0.000 0.000 0.000 20.0 0.000 420 1 1 Print_External_Perimeter
92.855 84.677 0.200 0.000 0.000 0.000 20.0 0.000 421 1 1 Travel
93.016 84.779 0.200 0.000 0.000 0.000 20.0 0.000 422 1 1 Travel
93.184 84.867 0.200 0.000 0.000 0.000 20.0 0.000 423 1 1 Travel
93.527 84.997 0.200 0.000 0.000 0.000 20.0 0.300 424 1 1 Print_External_Perimeter
93.887 85.071 0.200 0.000 0.000 0.000 20.0 0.000 425 1 1 Travel
94.081 85.086 0.200 0.000 0.000 0.000 20.0 0.000 426 1 1 Travel
94.447 85.072 0.200 0.000 0.000 0.000 20.0 0.300 427 1 1 Print_External_Perimeter
94.811 84.997 0.200 0.000 0.000 0.000 20.0 0.000 428 1 1 Print_External_Perimeter
94.946 84.947 0.200 0.000 0.000 0.000 20.0 0.000 429 1 1 Travel
95.003 85.045 0.200 0.000 0.000 0.000 20.0 0.000 430 1 1 Travel
123.868 68.388 0.200 0.000 0.000 0.000 20.0 0.620 431 1 1 Print_External_Perimeter
124.257 68.254 0.200 0.000 0.000 0.000 20.0 0.000 432 1 1 Travel
124.548 68.214 0.200 0.000 0.000 0.000 20.0 0.000 433 1 1 Travel
124.824 68.221 0.200 0.000 0.000 0.000 20.0 0.000 434 1 1 Travel
125.225 68.310 0.200 0.000 0.000 0.000 20.0 0.200 435 1 1 Print_External_Perimeter
125.495 68.429 0.200 0.000 0.000 0.000 20.0 0.000 436 1 1 Travel
125.727 68.579 0.200 0.000 0.000 0.000 20.0 0.000 437 1 1 Travel
126.022 68.865 0.200 0.000 0.000 0.000 20.0 0.200 438 1 1 Print_External_Perimeter
126.190 69.106 0.200 0.000 0.000 0.000 20.0 0.000 439 1 1 Travel
126.315 69.372 0.200 0.000 0.000 0.000 20.0 0.000 440 1 2 Travel
126.414 69.770 0.200 0.000 0.000 0.000 20.0 0.180 441 1 2 Print_External_Perimeter
126.429 70.046 0.200 0.000 0.000 0.000 20.0 0.000 442 1 2 Travel
126.396 70.339 0.200 0.000 0.000 0.000 20.0 0.040 443 1 2 Print_External_Perimeter
126.273 70.731 0.200 0.000 0.000 0.000 20.0 0.180 444 1 2 Print_External_Perimeter
126.141 70.974 0.200 0.000 0.000 0.000 20.0 0.000 445 1 2 Travel
125.961 71.206 0.200 0.000 0.000 0.000 20.0 0.040 446 1 2 Print_External_Perimeter
125.651 71.476 0.200 0.000 0.000 0.000 20.0 0.180 447 1 2 Print_External_Perimeter
96.792 88.146 0.200 0.000 0.000 0.000 20.0 0.620 448 1 2 Print_External_Perimeter
96.849 88.246 0.200 0.000 0.000 0.000 20.0 0.000 449 1 2 Travel
96.738 88.338 0.200 0.000 0.000 0.000 20.0 0.120 450 1 2 Print_External_Perimeter
96.492 88.615 0.200 0.000 0.000 0.000 20.0 0.380 451 1 2 Print_External_Perimeter
96.296 88.926 0.200 0.000 0.000 0.000 20.0 0.000 452 1 2 Travel
96.212 89.101 0.200 0.000 0.000 0.000 20.0 0.000 453 1 2 Travel
96.096 89.449 0.200 0.000 0.000 0.000 20.0 0.300 454 1 2 Print_External_Perimeter
96.037 89.811 0.200 0.000 0.000 0.000 20.0 0.000 455 1 2 Travel
96.030 90.001 0.200 0.000 0.000 0.000 20.0 0.000 456 1 2 Travel
96.037 90.191 0.200 0.000 0.000 0.000 20.0 0.000 457 1 2 Travel
96.096 90.553 0.200 0.000 0.000 0.000 20.0 0.300 458 1 2 Print_External_Perimeter
96.212 90.902 0.200 0.000 0.000 0.000 20.0 0.000 459 1 2 Travel
96.296 91.077 0.200 0.000 0.000 0.000 20.0 0.000 460 1 2 Travel
96.492 91.387 0.200 0.000 0.000 0.000 20.0 0.300 461 1 2 Print_External_Perimeter
96.738 91.665 0.200 0.000 0.000 0.000 20.0 0.000 462 1 2 Print_External_Perimeter
96.849 91.757 0.200 0.000 0.000 0.000 20.0 0.000 463 1 2 Travel
96.793 91.855 0.200 0.000 0.000 0.000 20.0 0.000 464 1 2 Travel
125.651 108.523 0.200 0.000 0.000 0.000 20.0 0.620 465 1 2 Print_External_Perimeter
125.869 108.700 0.200 0.000 0.000 0.000 20.0 0.000 466 1 2 Travel
126.140 109.026 0.200 0.000 0.000 0.000 20.0 0.220 467 1 2 Print_External_Perimeter
126.328 109.407 0.200 0.000 0.000 0.000 20.0 0.000 468 1 2 Print_External_Perimeter
126.400 109.674 0.200 0.000 0.000 0.000 20.0 0.000 469 1 2 Travel
126.429 109.953 0.200 0.000 0.000 0.000 20.0 0.020 470 1 2 Print_External_Perimeter
126.414 110.237 0.200 0.000 0.000 0.000 20.0 0.000 471 1 2 Print_External_Perimeter
126.311 110.641 0.200 0.000 0.000 0.000 20.0 0.200 472 1 2 Print_External_Perimeter
126.192 110.891 0.200 0.000 0.000 0.000 20.0 0.000 473 1 2 Travel
125.938 111.231 0.200 0.000 0.000 0.000 20.0 0.220 474 1 2 Print_External_Perimeter
125.615 111.499 0.200 0.000 0.000 0.000 20.0 0.000 475 1 2 Travel
125.238 111.685 0.200 0.000 0.000 0.000 20.0 0.000 476 1 2 Print_External_Perimeter
124.824 111.779 0.200 0.000 0.000 0.000 20.0 0.000 477 1 2 Print_External_Perimeter
124.547 111.786 0.200 0.000 0.000 0.000 20.0 0.000 478 1 2 Travel
124.273 111.750 0.200 0.000 0.000 0.000 20.0 0.000 479 1 2 Travel
123.867 111.612 0.200 0.000 0.000 0.000 20.0 0.220 480 1 2 Print_External_Perimeter
95.002 94.955 0.200 0.000 0.000 0.000 20.0 0.620 481 1 2 Print_External_Perimeter
94.944 95.055 0.200 0.000 0.000 0.000 20.0 0.000 482 1 2 Travel
94.808 95.004 0.200 0.000 0.000 0.000 20.0 0.120 483 1 2 Print_External_Perimeter
94.449 94.931 0.200 0.000 0.000 0.000 20.0 0.380 484 1 2 Print_External_Perimeter
94.256 94.915 0.200 0.000 0.000 0.000 20.0 0.000 485 1 2 Travel
93.889 94.930 0.200 0.000 0.000 0.000 20.0 0.300 486 1 2 Print_External_Perimeter
93.525 95.004 0.200 0.000 0.000 0.000 20.0 0.000 487 1 2 Print_External_Perimeter
93.199 95.127 0.200 0.000 0.000 0.000 20.0 0.000 488 1 2 Travel
93.011 95.224 0.200 0.000 0.000 0.000 20.0 0.000 489 1 2 Travel
92.711 95.431 0.200 0.000 0.000 0.000 20.0 0.260 490 1 2 Print_External_Perimeter
92.566 95.559 0.200 0.000 0.000 0.000 20.0 0.000 491 1 2 Travel
92.323 95.834 0.200 0.000 0.000 0.000 20.0 0.300 492 1 2 Print_External_Perimeter
92.126 96.144 0.200 0.000 0.000 0.000 20.0 0.000 493 1 2 Travel
92.043 96.320 0.200 0.000 0.000 0.000 20.0 0.000 494 1 2 Travel
91.927 96.667 0.200 0.000 0.000 0.000 20.0 0.300 495 1 2 Print_External_Perimeter
91.903 96.810 0.200 0.000 0.000 0.000 20.0 0.000 496 1 2 Travel
91.790 96.810 0.200 0.000 0.000 0.000 20.0 0.000 497 1 2 Travel
91.783 130.136 0.200 0.000 0.000 0.000 20.0 0.620 498 1 2 Print_External_Perimeter
91.704 130.540 0.200 0.000 0.000 0.000 20.0 0.000 499 1 2 Travel
91.593 130.812 0.200 0.000 0.000 0.000 20.0 0.000 500 1 2 Travel
91.449 131.048 0.200 0.000 0.000 0.000 20.0 0.000 501 1 2 Travel
91.171 131.351 0.200 0.000 0.000 0.000 20.0 0.200 502 1 2 Print_External_Perimeter
90.934 131.525 0.200 0.000 0.000 0.000 20.0 0.000 503 1 2 Travel
90.688 131.651 0.200 0.000 0.000 0.000 20.0 0.000 504 1 2 Travel
90.293 131.764 0.200 0.000 0.000 0.000 20.0 0.200 505 1 2 Print_External_Perimeter
90.000 131.788 0.200 0.000 0.000 0.000 20.0 0.000 506 1 2 Travel
89.707 131.764 0.200 0.000 0.000 0.000 20.0 0.000 507 1 2 Travel
89.312 131.651 0.200 0.000 0.000 0.000 20.0 0.180 508 1 2 Print_External_Perimeter
89.066 131.525 0.200 0.000 0.000 0.000 20.0 0.000 509 1 2 Travel
88.829 131.351 0.200 0.000 0.000 0.000 20.0 0.040 510 1 2 Print_External_Perimeter
88.551 131.048 0.200 0.000 0.000 0.000 20.0 0.180 511 1 2 Print_External_Perimeter
88.407 130.812 0.200 0.000 0.000 0.000 20.0 0.000 512 1 2 Travel
88.296 130.540 0.200 0.000 0.000 0.000 20.0 0.040 513 1 2 Print_External_Perimeter
88.217 130.136 0.200 0.000 0.000 0.000 20.0 0.180 514 1 2 Print_External_Perimeter
88.210 96.809 0.200 0.000 0.000 0.000 20.0 0.620 515 1 2 Print_External_Perimeter
88.094 96.809 0.200 0.000 0.000 0.000 20.0 0.000 516 1 2 Travel
88.071 96.666 0.200 0.000 0.000 0.000 20.0 0.120 517 1 2 Print_External_Perimeter
87.955 96.318 0.200 0.000 0.000 0.000 20.0 0.380 518 1 2 Print_External_Perimeter
87.871 96.143 0.200 0.000 0.000 0.000 20.0 0.000 519 1 2 Travel
87.675 95.833 0.200 0.000 0.000 0.000 20.0 0.300 520 1 2 Print_External_Perimeter
87.429 95.555 0.200 0.000 0.000 0.000 20.0 0.000 521 1 2 Print_External_Perimeter
87.145 95.323 0.200 0.000 0.000 0.000 20.0 0.000 522 1 2 Travel
86.984 95.221 0.200 0.000 0.000 0.000 20.0 0.000 523 1 2 Travel
86.816 95.133 0.200 0.000 0.000 0.000 20.0 0.000 524 1 2 Travel
86.473 95.003 0.200 0.000 0.000 0.000 20.0 0.300 525 1 2 Print_External_Perimeter
86.113 94.929 0.200 0.000 0.000 0.000 20.0 0.000 526 1 2 Travel
85.919 94.914 0.200 0.000 0.000 0.000 20.0 0.000 527 1 2 Travel
85.553 94.928 0.200 0.000 0.000 0.000 20.0 0.300 528 1 2 Print_External_Perimeter
85.189 95.003 0.200 0.000 0.000 0.000 20.0 0.000 529 1 2 Print_External_Perimeter
85.054 95.053 0.200 0.000 0.000 0.000 20.0 0.000 530 1 2 Travel
84.997 94.955 0.200 0.000 0.000 0.000 20.0 0.000 531 1 2 Travel
56.132 111.612 0.200 0.000 0.000 0.000 20.0 0.620 532 1 2 Print_External_Perimeter
55.743 111.746 0.200 0.000 0.000 0.000 20.0 0.000 533 1 2 Travel
55.452 111.786 0.200 0.000 0.000 0.000 20.0 0.000 534 1 2 Travel
55.176 111.779 0.200 0.000 0.000 0.000 20.0 0.000 535 1 2 Travel
54.775 111.690 0.200 0.000 0.000 0.000 20.0 0.200 536 1 2 Print_External_Perimeter
54.505 111.571 0.200 0.000 0.000 0.000 20.0 0.000 537 1 2 Travel
54.273 111.421 0.200 0.000 0.000 0.000 20.0 0.000 538 1 2 Travel
53.978 111.135 0.200 0.000 0.000 0.000 20.0 0.200 539 1 2 Print_External_Perimeter
53.810 110.894 0.200 0.000 0.000 0.000 20.0 0.000 540 1 2 Travel
53.685 110.628 0.200 0.000 0.000 0.000 20.0 0.000 541 1 2 Travel
53.586 110.230 0.200 0.000 0.000 0.000 20.0 0.180 542 1 2 Print_External_Perimeter
53.571 109.954 0.200 0.000 0.000 0.000 20.0 0.000 543 1 2 Travel
53.604 109.661 0.200 0.000 0.000 0.000 20.0 0.040 544 1 2 Print_External_Perimeter
53.727 109.269 0.200 0.000 0.000 0.000 20.0 0.180 545 1 2 Print_External_Perimeter
53.859 109.026 0.200 0.000 0.000 0.000 20.0 0.000 546 1 2 Travel
54.039 108.794 0.200 0.000 0.000 0.000 20.0 0.040 547 1 2 Print_External_Perimeter
54.349 108.524 0.200 0.000 0.000 0.000 20.0 0.180 548 1 2 Print_External_Perimeter
83.208 91.854 0.200 0.000 0.000 0.000 20.0 0.620 549 1 2 Print_External_Perimeter
83.151 91.754 0.200 0.000 0.000 0.000 20.0 0.000 550 1 2 Travel
83.262 91.662 0.200 0.000 0.000 0.000 20.0 0.120 551 1 2 Print_External_Perimeter
83.508 91.385 0.200 0.000 0.000 0.000 20.0 0.380 552 1 2 Print_External_Perimeter
83.704 91.074 0.200 0.000 0.000 0.000 20.0 0.000 553 1 2 Travel
83.788 90.899 0.200 0.000 0.000 0.000 20.0 0.000 554 1 2 Travel
83.904 90.551 0.200 0.000 0.000 0.000 20.0 0.300 555 1 2 Print_External_Perimeter
83.963 90.189 0.200 0.000 0.000 0.000 20.0 0.000 556 1 2 Travel
83.970 89.999 0.200 0.000 0.000 0.000 20.0 0.000 557 1 2 Travel
83.963 89.809 0.200 0.000 0.000 0.000 20.0 0.000 558 1 2 Travel
83.904 89.447 0.200 0.000 0.000 0.000 20.0 0.300 559 1 2 Print_External_Perimeter
83.788 89.098 0.200 0.000 0.000 0.000 20.0 0.000 560 1 2 Travel
83.704 88.923 0.200 0.000 0.000 0.000 20.0 0.000 561 1 2 Travel
83.508 88.613 0.200 0.000 0.000 0.000 20.0 0.300 562 1 2 Print_External_Perimeter
83.262 88.335 0.200 0.000 0.000 0.000 20.0 0.000 563 1 2 Print_External_Perimeter
83.151 88.243 0.200 0.000 0.000 0.000 20.0 0.000 564 1 2 Travel
83.207 88.145 0.200 0.000 0.000 0.000 20.0 0.000 565 1 2 Travel
54.349 71.477 0.200 0.000 0.000 0.000 20.0 0.620 566 1 2 Print_External_Perimeter
54.131 71.300 0.200 0.000 0.000 0.000 20.0 0.000 567 1 2 Travel
53.860 70.974 0.200 0.000 0.000 0.000 20.0 0.220 568 1 2 Print_External_Perimeter
53.672 70.593 0.200 0.000 0.000 0.000 20.0 0.000 569 1 2 Print_External_Perimeter
53.600 70.326 0.200 0.000 0.000 0.000 20.0 0.000 570 1 2 Travel
53.571 70.047 0.200 0.000 0.000 0.000 20.0 0.020 571 1 2 Print_External_Perimeter
53.586 69.763 0.200 0.000 0.000 0.000 20.0 0.000 572 1 2 Print_External_Perimeter
53.689 69.359 0.200 0.000 0.000 0.000 20.0 0.200 573 1 2 Print_External_Perimeter
53.808 69.109 0.200 0.000 0.000 0.000 20.0 0.000 574 1 2 Travel
54.062 68.769 0.200 0.000 0.000 0.000 20.0 0.220 575 1 2 Print_External_Perimeter
54.385 68.501 0.200 0.000 0.000 0.000 20.0 0.000 576 1 2 Travel
54.762 68.315 0.200 0.000 0.000 0.000 20.0 0.000 577 1 2 Print_External_Perimeter
55.176 68.221 0.200 0.000 0.000 0.000 20.0 0.000 578 1 2 Print_External_Perimeter
55.453 68.214 0.200 0.000 0.000 0.000 20.0 0.000 579 1 2 Travel
55.727 68.250 0.200 0.000 0.000 0.000 20.0 0.000 580 1 2 Travel
56.133 68.388 0.200 0.000 0.000 0.000 20.0 0.220 581 1 2 Print_External_Perimeter
84.998 85.045 0.200 0.000 0.000 0.000 20.0 0.620 582 1 2 Print_External_Perimeter
85.056 84.945 0.200 0.000 0.000 0.000 20.0 0.000 583 1 2 Travel
85.192 84.996 0.200 0.000 0.000 0.000 20.0 0.120 584 1 2 Print_External_Perimeter
85.551 85.069 0.200 0.000 0.000 0.000 20.0 0.380 585 1 2 Print_External_Perimeter
85.744 85.085 0.200 0.000 0.000 0.000 20.0 0.000 586 1 2 Travel
86.111 85.070 0.200 0.000 0.000 0.000 20.0 0.300 587 1 2 Print_External_Perimeter
86.475 84.996 0.200 0.000 0.000 0.000 20.0 0.000 588 1 2 Print_External_Perimeter
86.801 84.873 0.200 0.000 0.000 0.000 20.0 0.000 589 1 2 Travel
86.989 84.776 0.200 0.000 0.000 0.000 20.0 0.000 590 1 2 Travel
87.289 84.569 0.200 0.000 0.000 0.000 20.0 0.260 591 1 2 Print_External_Perimeter
87.434 84.441 0.200 0.000 0.000 0.000 20.0 0.000 592 1 2 Travel
87.677 84.166 0.200 0.000 0.000 0.000 20.0 0.300 593 1 2 Print_External_Perimeter
87.874 83.856 0.200 0.000 0.000 0.000 20.0 0.000 594 1 2 Travel
87.957 83.680 0.200 0.000 0.000 0.000 20.0 0.000 595 1 2 Travel
88.073 83.333 0.200 0.000 0.000 0.000 20.0 0.300 596 1 2 Print_External_Perimeter
88.097 83.190 0.200 0.000 0.000 0.000 20.0 0.000 597 1 2 Travel
88.210 83.190 0.200 0.000 0.000 0.000 20.0 0.000 598 1 2 Travel
88.217 49.864 0.200 0.000 0.000 0.000 20.0 0.620 599 1 2 Print_External_Perimeter
88.296 49.460 0.200 0.000 0.000 0.000 20.0 0.000 600 1 2 Travel
88.407 49.188 0.200 0.000 0.000 0.000 20.0 0.000 601 1 2 Travel
88.551 48.952 0.200 0.000 0.000 0.000 20.0 0.000 602 1 2 Travel
88.842 48.638 0.200 0.000 0.000 0.000 20.0 0.220 603 1 2 Print_External_Perimeter
89.062 48.477 0.200 0.000 0.000 0.000 20.0 0.000 604 1 2 Travel
89.451 48.298 0.200 0.000 0.000 0.000 20.0 0.220 605 1 2 Print_External_Perimeter
89.719 48.234 0.200 0.000 0.000 0.000 20.0 0.000 606 1 2 Travel
90.013 48.212 0.200 0.000 0.000 0.000 20.0 0.040 607 1 2 Print_External_Perimeter
90.421 48.262 0.200 0.000 0.000 0.000 20.0 0.180 608 1 2 Print_External_Perimeter
90.681 48.346 0.200 0.000 0.000 0.000 20.0 0.000 609 1 2 Travel
91.054 48.556 0.200 0.000 0.000 0.000 20.0 0.220 610 1 2 Print_External_Perimeter
91.265 48.735 0.200 0.000 0.000 0.000 20.0 0.000 611 1 2 Travel
91.447 48.949 0.200 0.000 0.000 0.000 20.0 0.000 612 1 2 Print_External_Perimeter
91.593 49.188 0.200 0.000 0.000 0.000 20.0 0.000 613 1 2 Travel
91.704 49.460 0.200 0.000 0.000 0.000 20.0 0.020 614 1 2 Print_External_Perimeter
91.783 49.864 0.200 0.000 0.000 0.000 20.0 0.180 615 1 2 Print_External_Perimeter
91.790 83.131 0.200 0.000 0.000 0.000 20.0 0.620 616 1 2 Print_External_Perimeter
91.790 83.307 0.200 0.000 0.000 0.000 150.0 0.000 617 1 2 Travel
91.790 83.307 0.200 0.000 0.000 0.000 40.0 0.000 618 1 2 Retract
91.906 83.191 0.200 0.000 0.000 0.000 120.0 1608.360 619 1 2 Print_External_Perimeter
91.929 83.334 0.200 0.000 0.000 0.000 120.0 0.000 620 1 2 Travel
92.045 83.682 0.200 0.000 0.000 0.000 120.0 0.000 621 1 2 Travel
92.129 83.857 0.200 0.000 0.000 0.000 120.0 33.720 622 1 2 Print_External_Perimeter
92.325 84.167 0.200 0.000 0.000 0.000 120.0 0.000 623 1 2 Travel
92.571 84.445 0.200 0.000 0.000 0.000 120.0 0.000 624 1 2 Travel
92.855 84.677 0.200 0.000 0.000 0.000 120.0 0.480 625 1 2 Print_External_Perimeter
93.016 84.779 0.200 0.000 0.000 0.000 120.0 35.280 626 1 2 Print_External_Perimeter
93.184 84.867 0.200 0.000 0.000 0.000 120.0 0.000 627 1 2 Travel
93.527 84.997 0.200 0.000 0.000 0.000 120.0 0.000 628 1 2 Travel
93.715 85.036 0.200 0.000 0.000 0.000 120.0 34.680 629 1 2 Print_External_Perimeter
93.715 85.036 0.200 0.000 0.000 0.000 40.0 0.000 630 1 2 Unretract
93.715 85.036 0.400 0.000 0.000 0.000 150.0 0.000 631 1 2 Travel
125.541 69.853 0.400 0.000 0.000 0.000 150.0 0.000 632 1 2 Travel
125.541 69.853 0.200 0.000 0.000 0.000 150.0 0.000 633 1 2 Travel
125.541 69.853 0.200 0.000 0.000 0.000 25.0 0.000 634 1 2 Unretract
125.087 69.403 0.200 0.000 0.000 0.000 20.0 0.000 635 1 2 Travel
124.891 69.298 0.200 0.000 0.000 0.000 20.0 0.000 636 1 2 Travel
124.606 69.253 0.200 0.000 0.000 0.000 20.0 0.140 637 1 2 Print_Solid_Infill
124.440 69.288 0.200 0.000 0.000 0.000 20.0 0.000 638 1 2 Travel
125.353 70.201 0.200 0.000 0.000 0.000 20.0 0.540 639 1 2 Print_Solid_Infill
125.271 70.404 0.200 0.000 0.000 0.000 20.0 0.000 640 1 2 Travel
125.152 70.535 0.200 0.000 0.000 0.000 20.0 0.000 641 1 2 Travel
124.079 69.463 0.200 0.000 0.000 0.000 20.0 0.560 642 1 2 Print_Solid_Infill
123.740 69.659 0.200 0.000 0.000 0.000 20.0 0.000 643 1 2 Travel
124.832 70.751 0.200 0.000 0.000 0.000 20.0 0.480 644 1 2 Print_Solid_Infill
124.493 70.947 0.200 0.000 0.000 0.000 20.0 0.000 645 1 2 Travel
123.400 69.854 0.200 0.000 0.000 0.000 20.0 0.460 646 1 2 Print_Solid_Infill
123.061 70.050 0.200 0.000 0.000 0.000 20.0 0.000 647 1 2 Travel
124.154 71.143 0.200 0.000 0.000 0.000 20.0 0.460 648 1 2 Print_Solid_Infill
123.814 71.339 0.200 0.000 0.000 0.000 20.0 0.000 649 1 2 Travel
122.721 70.246 0.200 0.000 0.000 0.000 20.0 0.460 650 1 2 Print_Solid_Infill
122.382 70.442 0.200 0.000 0.000 0.000 20.0 0.000 651 1 2 Travel
123.475 71.535 0.200 0.000 0.000 0.000 20.0 0.480 652 1 2 Print_Solid_Infill
123.135 71.731 0.200 0.000 0.000 0.000 20.0 0.000 653 1 2 Travel
122.042 70.638 0.200 0.000 0.000 0.000 20.0 0.480 654 1 2 Print_Solid_Infill
121.703 70.834 0.200 0.000 0.000 0.000 20.0 0.000 655 1 2 Travel
122.796 71.927 0.200 0.000 0.000 0.000 20.0 0.480 656 1 2 Print_Solid_Infill
122.457 72.123 0.200 0.000 0.000 0.000 20.0 0.000 657 1 2 Travel
121.363 71.030 0.200 0.000 0.000 0.000 20.0 0.460 658 1 2 Print_Solid_Infill
121.024 71.226 0.200 0.000 0.000 0.000 20.0 0.000 659 1 2 Travel
122.117 72.319 0.200 0.000 0.000 0.000 20.0 0.480 660 1 2 Print_Solid_Infill
121.778 72.516 0.200 0.000 0.000 0.000 20.0 0.000 661 1 2 Travel
120.684 71.422 0.200 0.000 0.000 0.000 20.0 0.460 662 1 2 Print_Solid_Infill
120.345 71.618 0.200 0.000 0.000 0.000 20.0 0.000 663 1 2 Travel
121.438 72.712 0.200 0.000 0.000 0.000 20.0 0.480 664 1 2 Print_Solid_Infill
121.099 72.908 0.200 0.000 0.000 0.000 20.0 0.000 665 1 2 Travel
120.005 71.814 0.200 0.000 0.000 0.000 20.0 0.480 666 1 2 Print_Solid_Infill
119.666 72.010 0.200 0.000 0.000 0.000 20.0 0.000 667 1 2 Travel
120.760 73.104 0.200 0.000 0.000 0.000 20.0 0.480 668 1 2 Print_Solid_Infill
120.420 73.300 0.200 0.000 0.000 0.000 20.0 0.000 669 1 2 Travel
119.326 72.206 0.200 0.000 0.000 0.000 20.0 0.480 670 1 2 Print_Solid_Infill
118.987 72.402 0.200 0.000 0.000 0.000 20.0 0.000 671 1 2 Travel
120.081 73.496 0.200 0.000 0.000 0.000 20.0 0.480 672 1 2 Print_Solid_Infill
119.741 73.692 0.200 0.000 0.000 0.000 20.0 0.000 673 1 2 Travel
118.647 72.598 0.200 0.000 0.000 0.000 20.0 0.480 674 1 2 Print_Solid_Infill
118.307 72.793 0.200 0.000 0.000 0.000 20.0 0.000 675 1 2 Travel
119.402 73.888 0.200 0.000 0.000 0.000 20.0 0.460 676 1 2 Print_Solid_Infill
119.063 74.084 0.200 0.000 0.000 0.000 20.0 0.000 677 1 2 Travel
117.968 72.989 0.200 0.000 0.000 0.000 20.0 0.460 678 1 2 Print_Solid_Infill
117.628 73.185 0.200 0.000 0.000 0.000 20.0 0.000 679 1 2 Travel
118.723 74.280 0.200 0.000 0.000 0.000 20.0 0.480 680 1 2 Print_Solid_Infill
118.384 74.476 0.200 0.000 0.000 0.000 20.0 0.000 681 1 2 Travel
117.289 73.381 0.200 0.000 0.000 0.000 20.0 0.480 682 1 2 Print_Solid_Infill
116.949 73.577 0.200 0.000 0.000 0.000 20.0 0.000 683 1 2 Travel
118.044 74.672 0.200 0.000 0.000 0.000 20.0 0.480 684 1 2 Print_Solid_Infill
117.705 74.868 0.200 0.000 0.000 0.000 20.0 0.000 685 1 2 Travel
116.610 73.773 0.200 0.000 0.000 0.000 20.0 0.480 686 1 2 Print_Solid_Infill
116.270 73.969 0.200 0.000 0.000 0.000 20.0 0.000 687 1 2 Travel
117.365 75.064 0.200 0.000 0.000 0.000 20.0 0.480 688 1 2 Print_Solid_Infill
117.026 75.260 0.200 0.000 0.000 0.000 20.0 0.000 689 1 2 Travel
115.931 74.165 0.200 0.000 0.000 0.000 20.0 0.480 690 1 2 Print_Solid_Infill
115.591 74.361 0.200 0.000 0.000 0.000 20.0 0.000 691 1 2 Travel
116.687 75.456 0.200 0.000 0.000 0.000 20.0 0.480 692 1 2 Print_Solid_Infill
116.347 75.652 0.200 0.000 0.000 0.000 20.0 0.000 693 1 2 Travel
115.252 74.557 0.200 0.000 0.000 0.000 20.0 0.480 694 1 2 Print_Solid_Infill
114.912 74.753 0.200 0.000 0.000 0.000 20.0 0.000 695 1 2 Travel
116.008 75.848 0.200 0.000 0.000 0.000 20.0 0.480 696 1 2 Print_Solid_Infill
115.668 76.044 0.200 0.000 0.000 0.000 20.0 0.000 697 1 2 Travel
114.573 74.949 0.200 0.000 0.000 0.000 20.0 0.480 698 1 2 Print_Solid_Infill
114.233 75.145 0.200 0.000 0.000 0.000 20.0 0.000 699 1 2 Travel
115.329 76.241 0.200 0.000 0.000 0.000 20.0 0.480 700 1 2 Print_Solid_Infill
114.990 76.437 0.200 0.000 0.000 0.000 20.0 0.000 701 1 2 Travel
113.894 75.341 0.200 0.000 0.000 0.000 20.0 0.480 702 1 2 Print_Solid_Infill
113.554 75.537 0.200 0.000 0.000 0.000 20.0 0.000 703 1 2 Travel
114.650 76.633 0.200 0.000 0.000 0.000 20.0 0.480 704 1 2 Print_Solid_Infill
114.311 76.829 0.200 0.000 0.000 0.000 20.0 0.000 705 1 2 Travel
113.215 75.732 0.200 0.000 0.000 0.000 20.0 0.480 706 1 2 Print_Solid_Infill
112.875 75.928 0.200 0.000 0.000 0.000 20.0 0.000 707 1 2 Travel
113.971 77.025 0.200 0.000 0.000 0.000 20.0 0.480 708 1 2 Print_Solid_Infill
113.632 77.221 0.200 0.000 0.000 0.000 20.0 0.000 709 1 2 Travel
112.536 76.124 0.200 0.000 0.000 0.000 20.0 0.480 710 1 2 Print_Solid_Infill
112.196 76.320 0.200 0.000 0.000 0.000 20.0 0.000 711 1 2 Travel
113.293 77.417 0.200 0.000 0.000 0.000 20.0 0.480 712 1 2 Print_Solid_Infill
112.953 77.613 0.200 0.000 0.000 0.000 20.0 0.000 713 1 2 Travel
111.856 76.516 0.200 0.000 0.000 0.000 20.0 0.480 714 1 2 Print_Solid_Infill
111.517 76.712 0.200 0.000 0.000 0.000 20.0 0.000 715 1 2 Travel
112.614 77.809 0.200 0.000 0.000 0.000 20.0 0.480 716 1 2 Print_Solid_Infill
112.274 78.005 0.200 0.000 0.000 0.000 20.0 0.000 717 1 2 Travel
111.177 76.908 0.200 0.000 0.000 0.000 20.0 0.480 718 1 2 Print_Solid_Infill
110.838 77.104 0.200 0.000 0.000 0.000 20.0 0.000 719 1 2 Travel
111.935 78.201 0.200 0.000 0.000 0.000 20.0 0.480 720 1 2 Print_Solid_Infill
111.596 78.397 0.200 0.000 0.000 0.000 20.0 0.000 721 1 2 Travel
110.498 77.300 0.200 0.000 0.000 0.000 20.0 0.480 722 1 2 Print_Solid_Infill
110.159 77.496 0.200 0.000 0.000 0.000 20.0 0.000 723 1 2 Travel
111.256 78.593 0.200 0.000 0.000 0.000 20.0 0.480 724 1 2 Print_Solid_Infill
110.917 78.789 0.200 0.000 0.000 0.000 20.0 0.000 725 1 2 Travel
109.819 77.692 0.200 0.000 0.000 0.000 20.0 0.480 726 1 2 Print_Solid_Infill
109.480 77.888 0.200 0.000 0.000 0.000 20.0 0.000 727 1 2 Travel
110.577 78.985 0.200 0.000 0.000 0.000 20.0 0.480 728 1 2 Print_Solid_Infill
110.238 79.181 0.200 0.000 0.000 0.000 20.0 0.000 729 1 2 Travel
109.140 78.084 0.200 0.000 0.000 0.000 20.0 0.480 730 1 2 Print_Solid_Infill
108.801 78.280 0.200 0.000 0.000 0.000 20.0 0.000 731 1 2 Travel
109.898 79.377 0.200 0.000 0.000 0.000 20.0 0.480 732 1 2 Print_Solid_Infill
109.559 79.573 0.200 0.000 0.000 0.000 20.0 0.000 733 1 2 Travel
108.461 78.475 0.200 0.000 0.000 0.000 20.0 0.480 734 1 2 Print_Solid_Infill
108.122 78.671 0.200 0.000 0.000 0.000 20.0 0.000 735 1 2 Travel
109.220 79.769 0.200 0.000 0.000 0.000 20.0 0.480 736 1 2 Print_Solid_Infill
108.880 79.965 0.200 0.000 0.000 0.000 20.0 0.000 737 1 2 Travel
107.782 78.867 0.200 0.000 0.000 0.000 20.0 0.480 738 1 2 Print_Solid_Infill
107.443 79.063 0.200 0.000 0.000 0.000 20.0 0.000 739 1 2 Travel
108.541 80.162 0.200 0.000 0.000 0.000 20.0 0.480 740 1 2 Print_Solid_Infill
108.201 80.358 0.200 0.000 0.000 0.000 20.0 0.000 741 1 2 Travel
107.103 79.259 0.200 0.000 0.000 0.000 20.0 0.480 742 1 2 Print_Solid_Infill
106.764 79.455 0.200 0.000 0.000 0.000 20.0 0.000 743 1 2 Travel
107.862 80.554 0.200 0.000 0.000 0.000 20.0 0.480 744 1 2 Print_Solid_Infill
107.523 80.750 0.200 0.000 0.000 0.000 20.0 0.000 745 1 2 Travel
106.424 79.651 0.200 0.000 0.000 0.000 20.0 0.480 746 1 2 Print_Solid_Infill
106.085 79.847 0.200 0.000 0.000 0.000 20.0 0.000 747 1 2 Travel
107.183 80.946 0.200 0.000 0.000 0.000 20.0 0.480 748 1 2 Print_Solid_Infill
106.844 81.142 0.200 0.000 0.000 0.000 20.0 0.000 749 1 2 Travel
105.745 80.043 0.200 0.000 0.000 0.000 20.0 0.480 750 1 2 Print_Solid_Infill
105.405 80.239 0.200 0.000 0.000 0.000 20.0 0.000 751 1 2 Travel
106.504 81.338 0.200 0.000 0.000 0.000 20.0 0.480 752 1 2 Print_Solid_Infill
106.165 81.534 0.200 0.000 0.000 0.000 20.0 0.000 753 1 2 Travel
105.066 80.435 0.200 0.000 0.000 0.000 20.0 0.480 754 1 2 Print_Solid_Infill
104.726 80.631 0.200 0.000 0.000 0.000 20.0 0.000 755 1 2 Travel
105.826 81.730 0.200 0.000 0.000 0.000 20.0 0.480 756 1 2 Print_Solid_Infill
105.486 81.926 0.200 0.000 0.000 0.000 20.0 0.000 757 1 2 Travel
104.387 80.827 0.200 0.000 0.000 0.000 20.0 0.480 758 1 2 Print_Solid_Infill
104.047 81.023 0.200 0.000 0.000 0.000 20.0 0.000 759 1 2 Travel
105.147 82.122 0.200 0.000 0.000 0.000 20.0 0.480 760 1 2 Print_Solid_Infill
104.807 82.318 0.200 0.000 0.000 0.000 20.0 0.000 761 1 2 Travel
103.708 81.219 0.200 0.000 0.000 0.000 20.0 0.480 762 1 2 Print_Solid_Infill
103.368 81.414 0.200 0.000 0.000 0.000 20.0 0.000 763 1 2 Travel
104.468 82.514 0.200 0.000 0.000 0.000 20.0 0.480 764 1 2 Print_Solid_Infill
104.129 82.710 0.200 0.000 0.000 0.000 20.0 0.000 765 1 2 Travel
103.029 81.610 0.200 0.000 0.000 0.000 20.0 0.480 766 1 2 Print_Solid_Infill
102.689 81.806 0.200 0.000 0.000 0.000 20.0 0.000 767 1 2 Travel
103.789 82.906 0.200 0.000 0.000 0.000 20.0 0.480 768 1 2 Print_Solid_Infill
103.450 83.102 0.200 0.000 0.000 0.000 20.0 0.000 769 1 2 Travel
102.350 82.002 0.200 0.000 0.000 0.000 20.0 0.480 770 1 2 Print_Solid_Infill
102.010 82.198 0.200 0.000 0.000 0.000 20.0 0.000 771 1 2 Travel
103.110 83.298 0.200 0.000 0.000 0.000 20.0 0.480 772 1 2 Print_Solid_Infill
102.771 83.494 0.200 0.000 0.000 0.000 20.0 0.000 773 1 2 Travel
101.671 82.394 0.200 0.000 0.000 0.000 20.0 0.480 774 1 2 Print_Solid_Infill
101.331 82.590 0.200 0.000 0.000 0.000 20.0 0.000 775 1 2 Travel
102.432 83.690 0.200 0.000 0.000 0.000 20.0 0.480 776 1 2 Print_Solid_Infill
102.092 83.887 0.200 0.000 0.000 0.000 20.0 0.000 777 1 2 Travel
100.992 82.786 0.200 0.000 0.000 0.000 20.0 0.480 778 1 2 Print_Solid_Infill
100.652 82.982 0.200 0.000 0.000 0.000 20.0 0.000 779 1 2 Travel
101.753 84.083 0.200 0.000 0.000 0.000 20.0 0.480 780 1 2 Print_Solid_Infill
101.413 84.279 0.200 0.000 0.000 0.000 20.0 0.000 781 1 2 Travel
100.313 83.178 0.200 0.000 0.000 0.000 20.0 0.480 782 1 2 Print_Solid_Infill
99.973 83.374 0.200 0.000 0.000 0.000 20.0 0.000 783 1 2 Travel
101.074 84.475 0.200 0.000 0.000 0.000 20.0 0.480 784 1 2 Print_Solid_Infill
100.734 84.671 0.200 0.000 0.000 0.000 20.0 0.000 785 1 2 Travel
99.634 83.570 0.200 0.000 0.000 0.000 20.0 0.480 786 1 2 Print_Solid_Infill
99.294 83.766 0.200 0.000 0.000 0.000 20.0 0.000 787 1 2 Travel
100.395 84.867 0.200 0.000 0.000 0.000 20.0 0.480 788 1 2 Print_Solid_Infill
100.056 85.063 0.200 0.000 0.000 0.000 20.0 0.000 789 1 2 Travel
98.954 83.962 0.200 0.000 0.000 0.000 20.0 0.480 790 1 2 Print_Solid_Infill
98.615 84.158 0.200 0.000 0.000 0.000 20.0 0.000 791 1 2 Travel
99.716 85.259 0.200 0.000 0.000 0.000 20.0 0.480 792 1 2 Print_Solid_Infill
99.377 85.455 0.200 0.000 0.000 0.000 20.0 0.000 793 1 2 Travel
98.275 84.353 0.200 0.000 0.000 0.000 20.0 0.480 794 1 2 Print_Solid_Infill
97.936 84.549 0.200 0.000 0.000 0.000 20.0 0.000 795 1 2 Travel
99.037 85.651 0.200 0.000 0.000 0.000 20.0 0.480 796 1 2 Print_Solid_Infill
98.698 85.847 0.200 0.000 0.000 0.000 20.0 0.000 797 1 2 Travel
97.596 84.745 0.200 0.000 0.000 0.000 20.0 0.480 798 1 2 Print_Solid_Infill
97.257 84.941 0.200 0.000 0.000 0.000 20.0 0.000 799 1 2 Travel
98.359 86.043 0.200 0.000 0.000 0.000 20.0 0.480 800 1 2 Print_Solid_Infill
98.019 86.239 0.200 0.000 0.000 0.000 20.0 0.000 801 1 2 Travel
96.917 85.137 0.200 0.000 0.000 0.000 20.0 0.480 802 1 2 Print_Solid_Infill
96.578 85.333 0.200 0.000 0.000 0.000 20.0 0.000 803 1 2 Travel
97.680 86.435 0.200 0.000 0.000 0.000 20.0 0.480 804 1 2 Print_Solid_Infill
97.340 86.631 0.200 0.000 0.000 0.000 20.0 0.000 805 1 2 Travel
96.238 85.529 0.200 0.000 0.000 0.000 20.0 0.480 806 1 2 Print_Solid_Infill
95.899 85.725 0.200 0.000 0.000 0.000 20.0 0.000 807 1 2 Travel
97.001 86.827 0.200 0.000 0.000 0.000 20.0 0.480 808 1 2 Print_Solid_Infill
96.662 87.023 0.200 0.000 0.000 0.000 20.0 0.000 809 1 2 Travel
95.559 85.921 0.200 0.000 0.000 0.000 20.0 0.480 810 1 2 Print_Solid_Infill
95.220 86.117 0.200 0.000 0.000 0.000 20.0 0.000 811 1 2 Travel
96.322 87.219 0.200 0.000 0.000 0.000 20.0 0.480 812 1 2 Print_Solid_Infill
95.983 87.415 0.200 0.000 0.000 0.000 20.0 0.000 813 1 2 Travel
94.880 86.313 0.200 0.000 0.000 0.000 20.0 0.480 814 1 2 Print_Solid_Infill
94.623 86.461 0.200 0.000 0.000 0.000 20.0 0.000 815 1 2 Travel
94.418 86.106 0.200 0.000 0.000 0.000 20.0 0.180 816 1 2 Print_Solid_Infill
94.152 86.120 0.200 0.000 0.000 0.000 20.0 0.000 817 1 2 Travel
95.643 87.611 0.200 0.000 0.000 0.000 20.0 0.560 818 1 2 Print_Solid_Infill
95.375 87.766 0.200 0.000 0.000 0.000 20.0 0.000 819 1 2 Travel
95.529 88.032 0.200 0.000 0.000 0.000 20.0 0.000 820 1 2 Travel
93.341 85.844 0.200 0.000 0.000 0.000 20.0 0.560 821 1 2 Print_Solid_Infill
